    1       -0.010 THz     -0.344 cm-1    E'                            
      -0.001       0.000              -0.036       0.000               0.000       0.000
      -0.036       0.000               0.001       0.000               0.026       0.000
       0.000       0.000               0.026       0.000               0.000       0.000
    2       -0.010 THz     -0.344 cm-1    E'                            
      -0.002       0.000               0.014       0.000               0.000       0.000
       0.014       0.000               0.002       0.000               0.011       0.000
       0.000       0.000               0.011       0.000               0.000       0.000
    3       -0.002 THz     -0.050 cm-1    A2''                          
      -0.000       0.000               0.000       0.000               0.000       0.000
       0.000       0.000               0.000       0.000               0.000       0.000
       0.000       0.000               0.000       0.000               0.000       0.000
    4        8.727 THz    291.117 cm-1    E''                           
       0.000       0.000              -0.004       0.000               2.451       0.000
      -0.004       0.000               0.000       0.000              -8.033       0.000
       2.451       0.000              -8.033       0.000               0.000       0.000
    5        8.727 THz    291.117 cm-1    E''                           
       0.000       0.000               0.010       0.000              -6.639       0.000
       0.010       0.000               0.000       0.000              -3.602       0.000
      -6.639       0.000              -3.602       0.000               0.000       0.000
    6       11.766 THz    392.458 cm-1    E'                            
       2.905       0.000              -7.533       0.000               0.000       0.000
      -7.533       0.000              -2.905       0.000               0.022       0.000
       0.000       0.000               0.022       0.000               0.000       0.000
    7       11.766 THz    392.458 cm-1    E'                            
      -0.300       0.000             -72.835       0.000               0.000       0.000
     -72.835       0.000               0.300       0.000              -0.027       0.000
       0.000       0.000              -0.027       0.000               0.000       0.000
    8       12.350 THz    411.956 cm-1    A1'                           
       2.177       0.000               0.000       0.000               0.000       0.000
       0.000       0.000               2.177       0.000               0.000       0.000
       0.000       0.000               0.000       0.000               5.946       0.000
    9       14.306 THz    477.205 cm-1    A2''                          
       0.000       0.000               0.000       0.000               0.000       0.000
       0.000       0.000               0.000       0.000               0.000       0.000
       0.000       0.000               0.000       0.000               0.000       0.000
